0 4 1
0 7 2
0 10 6
0 11 5
0 13 -4
0 14 9
0 15 -10
1 1 -5
1 2 -8
1 8 -10
1 9 -5
1 13 -6
1 15 -5
1 18 -9
2 1 -7
2 4 5
2 5 10
2 6 10
2 7 8
2 8 -7
2 9 4
2 10 -8
2 11 4
2 13 -10
2 15 -9
2 16 6
2 17 -2
2 19 -1
3 1 -7
3 2 5
3 4 -7
3 7 -5
3 11 -1
3 12 2
3 13 -2
3 15 7
3 17 -9
4 3 7
4 5 -9
4 9 -2
4 13 8
4 15 7
4 16 -2
4 18 10
5 3 1
5 5 -5
5 6 -3
5 9 3
5 12 7
5 16 7
5 17 4
5 18 1
5 19 -3
6 0 -1
6 1 -10
6 2 4
6 5 7
6 6 -6
6 10 -7
6 12 -2
6 13 -5
6 17 7
7 0 -4
7 1 7
7 2 1
7 3 7
7 5 9
7 10 -7
7 12 10
7 13 9
7 14 2
7 15 -2
7 16 4
7 17 3
8 1 -5
8 2 7
8 5 2
8 7 2
8 8 2
8 10 5
8 17 -4
8 19 -2
9 1 8
9 3 -8
9 10 -8
9 12 -8
9 13 -3
9 16 -9
9 17 2
9 18 7
10 0 -10
10 2 9
10 5 -2
10 7 -9
10 8 -1
10 9 -5
10 10 7
10 11 10
10 12 4
10 13 8
10 18 -9
11 0 3
11 1 -2
11 2 -7
11 4 -10
11 5 8
11 6 8
11 8 -6
11 10 1
11 15 6
11 16 5
11 17 -6
11 18 6
12 0 -2
12 2 -6
12 3 -5
12 5 -4
12 8 -8
12 9 -6
12 11 1
12 12 -10
13 1 5
13 2 -7
13 3 -1
13 4 -4
13 7 4
13 9 -9
13 11 7
13 13 -4
13 15 -9
13 16 -7
13 17 -4
13 18 6
13 19 2
14 3 -4
14 4 -10
14 5 -6
14 6 -7
14 7 6
14 10 1
14 11 8
14 14 1
14 15 -10
14 16 -3
14 17 7
14 18 -8
15 2 -10
15 4 -4
15 11 3
15 13 -2
15 16 9
15 17 -3
15 19 -5
16 1 5
16 2 -4
16 3 -8
16 4 -10
16 10 5
16 14 -2
16 15 1
16 18 -7
17 1 -1
17 2 10
17 3 -7
17 4 4
17 8 -9
17 11 7
17 13 -9
17 15 -5
17 16 10
17 19 -5
18 2 8
18 5 5
18 7 6
18 8 9
18 9 6
18 10 -7
18 13 9
18 17 -10
18 18 10
19 0 -10
19 1 -4
19 3 3
19 5 -3
19 8 1
19 9 9
19 14 -9
19 15 1
19 17 -10
19 18 -6