0 1 -10
0 5 9
0 6 -4
0 7 -6
0 10 -5
0 12 8
0 13 2
0 14 2
0 15 7
0 16 -5
0 17 10
1 1 -4
1 2 -10
1 3 3
1 4 -1
1 5 -8
1 6 7
1 7 9
1 8 7
1 13 9
1 14 4
1 18 -9
1 19 4
2 0 9
2 1 -6
2 2 -7
2 3 -4
2 5 -10
2 6 3
2 7 -7
2 10 8
2 11 1
2 12 -8
2 13 9
2 15 -6
2 16 3
2 17 8
2 18 -1
3 1 -9
3 2 1
3 3 -8
3 4 -7
3 5 7
3 9 5
3 11 -3
3 12 -5
3 15 7
4 1 -7
4 2 1
4 3 9
4 5 -1
4 9 -7
4 13 10
4 14 9
4 15 -10
4 16 -1
4 19 6
5 1 1
5 2 -9
5 4 -3
5 5 4
5 6 5
5 7 -2
5 8 2
5 10 -5
5 15 -6
5 17 -2
5 18 6
6 1 -6
6 5 -9
6 7 4
6 8 -7
6 9 10
6 10 -10
6 11 5
6 13 -8
6 14 -8
6 19 7
7 1 3
7 4 -7
7 6 2
7 7 -6
7 8 -10
7 9 -6
7 10 8
7 11 -7
7 12 10
7 14 10
7 16 -8
7 19 3
8 2 -9
8 3 -1
8 4 8
8 6 -6
8 7 -7
8 10 -1
8 18 -4
8 19 1
9 1 9
9 4 -3
9 10 -3
9 13 7
9 14 -3
9 15 -7
9 16 4
10 0 3
10 5 -1
10 6 6
10 7 7
10 8 4
10 9 2
10 10 3
10 12 -2
10 17 3
10 18 8
11 1 -3
11 4 8
11 6 -1
11 9 -2
11 10 5
11 11 7
11 16 9
11 19 -8
12 1 4
12 3 -3
12 5 4
12 6 -6
12 7 -1
12 9 5
12 12 -5
12 15 9
13 1 -2
13 3 -7
13 6 -2
13 8 6
13 9 -4
13 10 5
13 15 -3
13 18 -8
13 19 -5
14 2 9
14 3 -4
14 5 -7
14 6 -6
14 8 -2
14 9 -5
14 11 5
14 12 -6
14 13 -7
14 15 -1
14 16 2
14 18 -4
14 19 10
15 0 -3
15 1 1
15 4 8
15 12 -4
15 13 7
15 15 -1
15 16 -2
15 18 3
16 1 8
16 2 -3
16 4 2
16 5 -5
16 8 3
16 11 -3
16 14 -9
16 15 -7
16 16 -8
16 18 2
17 0 -3
17 2 4
17 4 -3
17 5 4
17 7 -10
17 8 -7
17 10 -7
17 11 6
17 16 8
17 17 9
17 18 -7
17 19 4
18 0 6
18 2 6
18 5 -1
18 6 -4
18 8 -10
18 11 -8
18 13 -1
18 14 2
18 15 -10
18 19 8
19 1 4
19 3 -4
19 5 -4
19 10 -3
19 11 -10
19 13 -1
19 15 -9